1538653516.000000, IBI
41.673783,0.593777
42.376940,0.703157
43.126974,0.750034
43.908260,0.781286
58.346421,0.828163
59.252712,0.906291
60.143378,0.890666
61.018418,0.875040
61.846581,0.828163
62.627867,0.781286
63.487281,0.859414
64.284193,0.796911
65.002975,0.718783
65.721758,0.718783
66.471793,0.750034
67.284330,0.812537
68.268750,0.984420
69.221919,0.953169
70.034456,0.812537
70.846993,0.812537
71.534524,0.687531
72.190804,0.656280
72.800207,0.609403
73.456487,0.656280
78.300459,0.875040
79.050493,0.750034
79.769276,0.718783
80.456808,0.687531
81.269345,0.812537
82.238139,0.968794
83.175682,0.937543
84.175728,1.000046
85.082020,0.906291
88.754063,0.828163
89.613477,0.859414
90.504143,0.890666
91.254177,0.750034
91.941709,0.687531
92.629240,0.687531
93.363649,0.734409
94.238689,0.875040
95.207483,0.968794
96.223155,1.015671
97.145072,0.921917
97.895106,0.750034
98.567012,0.671906
99.270169,0.703157
100.020203,0.750034
100.910869,0.890666
101.801535,0.890666
102.692201,0.890666
103.520364,0.828163
104.317275,0.796911
105.082935,0.765660
106.067355,0.984420
106.911144,0.843789
107.723681,0.812537
108.536218,0.812537
109.364381,0.828163
110.255047,0.890666
111.208215,0.953169
112.161384,0.953169
113.005173,0.843789
113.739581,0.734409
114.489616,0.750034
115.270901,0.781286
116.052187,0.781286
116.942853,0.890666
117.771016,0.828163
118.552302,0.781286
119.177330,0.625029
123.755665,0.718783
124.458822,0.703157
125.177605,0.718783
125.958891,0.781286
126.787054,0.828163
127.630842,0.843789
128.443379,0.812537
129.209039,0.765660
129.912197,0.703157
130.568477,0.656280
131.240382,0.671906
131.927914,0.687531
132.709200,0.781286
145.225398,0.812537
146.100438,0.875040
146.959852,0.859414
147.803641,0.843789
148.616178,0.812537
149.381838,0.765660
150.116246,0.734409
150.913158,0.796911
151.631941,0.718783
152.303847,0.671906
153.007004,0.703157
153.772664,0.765660
154.632078,0.859414
155.460241,0.828163
156.335281,0.875040
157.225947,0.890666
158.132238,0.906291
159.022904,0.890666
159.897944,0.875040
160.632353,0.734409
161.288633,0.656280
161.960539,0.671906
162.601193,0.640654
163.226222,0.625029
163.851250,0.625029
164.491904,0.640654
165.304442,0.812537
166.179482,0.875040
167.070148,0.890666
167.960813,0.890666
168.820228,0.859414
169.695268,0.875040
170.570308,0.875040
171.289091,0.718783
172.007874,0.718783
172.664154,0.656280
173.273556,0.609403
173.882959,0.609403
174.539239,0.656280
179.258205,0.843789
179.992614,0.734409
180.680146,0.687531
181.398928,0.718783
182.086460,0.687531
182.820868,0.734409
183.602154,0.781286
184.492820,0.890666
185.367860,0.875040
186.164772,0.796911
186.867929,0.703157
187.571086,0.703157
188.289869,0.718783
189.055529,0.765660
189.821189,0.765660
190.571223,0.750034
191.305632,0.734409
192.071292,0.765660
192.821326,0.750034
193.540109,0.718783
194.212015,0.671906
194.852669,0.640654
195.508949,0.656280
196.180855,0.671906
196.915264,0.734409
197.696549,0.781286
198.602841,0.906291
199.446630,0.843789
200.196664,0.750034
200.852944,0.656280
201.524850,0.671906
202.165504,0.640654
202.806158,0.640654
203.524941,0.718783
204.353104,0.828163
205.134390,0.781286
205.853173,0.718783
206.493827,0.640654
207.087604,0.593777
207.868890,0.781286
208.775182,0.906291
216.150519,0.640654
216.775548,0.625029
217.431828,0.656280
218.134985,0.703157
218.916271,0.781286
219.681931,0.765660
220.463217,0.781286
221.088245,0.625029
221.822654,0.734409
222.588314,0.765660
223.275845,0.687531
223.853997,0.578151
224.510277,0.656280
225.119680,0.609403
225.791585,0.671906
226.463491,0.671906
227.213526,0.750034
228.026063,0.812537
238.651549,0.703157
239.354706,0.703157
250.605221,0.921917
251.292753,0.687531
252.167793,0.875040
252.917827,0.750034
253.620984,0.703157
254.292890,0.671906
254.886667,0.593777
255.527322,0.640654
256.261730,0.734409
257.136770,0.875040
257.996185,0.859414
258.918102,0.921917
259.777516,0.859414
260.761936,0.984420
261.496345,0.734409
262.433888,0.937543
265.855919,0.828163
266.762211,0.906291
267.715379,0.953169
268.840431,1.125051
269.668594,0.828163
270.403003,0.734409
271.153037,0.750034
271.949948,0.796911
272.637480,0.687531
273.387514,0.750034
277.778340,0.703157
278.403369,0.625029
279.122152,0.718783
279.997192,0.875040
280.934735,0.937543
281.872277,0.937543
282.747318,0.875040
283.544229,0.796911
284.247386,0.703157
285.013046,0.765660
285.653701,0.640654
329.327575,0.953169
330.140112,0.812537
330.921398,0.781286
331.687058,0.765660
332.358963,0.671906
333.046495,0.687531
333.796529,0.750034
371.907649,0.890666
372.767063,0.859414
373.642103,0.875040
374.485892,0.843789
375.204675,0.718783
375.829703,0.625029
376.517235,0.687531
387.814627,0.687531
388.611538,0.796911
389.502204,0.890666
390.424121,0.921917
391.252284,0.828163
391.924190,0.671906
392.642973,0.718783
400.049562,0.718783
400.752719,0.703157
406.127965,0.625029
406.737368,0.609403
416.237803,0.609403
416.925334,0.687531
417.628492,0.703157
422.206826,0.765660
429.566538,0.796911
430.488455,0.921917
438.863839,0.843789
439.770130,0.906291
440.629544,0.859414
441.317076,0.687531
442.035859,0.718783
442.723390,0.687531
443.535928,0.812537
444.254710,0.718783
445.176628,0.921917
446.036042,0.859414
446.754825,0.718783
450.551874,0.859414
451.364411,0.812537
452.270702,0.906291
453.114491,0.843789
453.802022,0.687531
454.473928,0.671906
458.911631,0.734409
459.614789,0.703157
460.380449,0.765660
461.099231,0.718783
461.833640,0.734409
467.912043,0.812537
468.771458,0.859414
469.583995,0.812537
486.725405,0.703157
487.475439,0.750034
488.256725,0.781286
498.569697,0.843789
511.773426,0.781286
512.460958,0.687531
533.696305,0.734409
534.415087,0.718783
535.055742,0.640654
535.727648,0.671906
536.587062,0.859414
537.227716,0.640654
537.977751,0.750034
538.915293,0.937543
542.618588,0.890666
543.524879,0.906291
549.103260,0.828163
549.931423,0.828163
550.665831,0.734409
551.368989,0.703157
556.134832,0.859414
556.900492,0.765660
557.588023,0.687531
567.244715,0.593777
579.167136,0.593777
579.776539,0.609403
580.385942,0.609403
581.042222,0.656280
581.823508,0.781286
582.636045,0.812537
583.417331,0.781286
584.245493,0.828163
584.964276,0.718783
585.620556,0.656280
586.323714,0.703157
587.011245,0.687531
587.714402,0.703157
588.480062,0.765660
589.214471,0.734409
589.980131,0.765660
590.636411,0.656280
591.277065,0.640654
591.948971,0.671906
592.605251,0.656280
593.308408,0.703157
594.058443,0.750034
594.808477,0.750034
595.480383,0.671906
596.167914,0.687531
596.855446,0.687531
597.605480,0.750034
598.339889,0.734409
599.027420,0.687531
599.761829,0.734409
607.012161,0.625029
607.637189,0.625029
608.387223,0.750034
609.184135,0.796911
610.074801,0.890666
610.949841,0.875040
611.778004,0.828163
619.997130,0.984420
620.934673,0.937543
621.840964,0.906291
622.559747,0.718783
623.231653,0.671906
623.903559,0.671906
624.575464,0.671906
625.294247,0.718783
626.184913,0.890666
627.059953,0.875040
627.950619,0.890666
628.685028,0.734409
637.685440,0.734409
638.341720,0.656280
639.123005,0.781286
639.966794,0.843789
640.888711,0.921917
641.716874,0.828163
644.513877,0.609403
645.232660,0.718783
645.998320,0.765660
646.857734,0.859414
647.764026,0.906291
648.639066,0.875040
649.467229,0.828163
650.232889,0.765660
651.014175,0.781286
651.764209,0.750034
652.701752,0.937543
656.186286,0.640654
656.936321,0.750034
657.576975,0.640654
658.389512,0.812537
659.077044,0.687531
659.795827,0.718783
660.592738,0.796911
661.467778,0.875040
662.217813,0.750034
663.030350,0.812537
663.936641,0.906291
667.889947,0.515649
668.546227,0.656280
669.233759,0.687531
673.562082,0.828163
681.203057,0.765660
682.093722,0.890666
682.968762,0.875040
759.191001,0.640654
759.862907,0.671906
760.597316,0.734409
761.316099,0.718783
762.050507,0.734409
762.816167,0.765660
763.597453,0.781286
764.347487,0.750034
765.050645,0.703157
765.816305,0.765660
766.566339,0.750034
767.316373,0.750034
768.066408,0.750034
768.863319,0.796911
769.503973,0.640654
770.144628,0.640654
770.816534,0.671906
771.441562,0.625029
772.144719,0.703157
772.894754,0.750034
773.613537,0.718783
774.316694,0.703157
774.988600,0.671906
775.660505,0.671906
776.379288,0.718783
777.144948,0.765660
777.848105,0.703157
778.582514,0.734409
779.191917,0.609403
779.816946,0.625029
780.457600,0.640654
781.067003,0.609403
781.738909,0.671906
782.442066,0.703157
791.739366,0.750034
792.364395,0.625029
793.051926,0.687531
793.692581,0.640654
794.426989,0.734409
795.098895,0.671906
795.802052,0.703157
796.567712,0.765660
797.270869,0.703157
797.974027,0.703157
798.645932,0.671906
799.286587,0.640654
799.989744,0.703157
800.692901,0.703157
801.427310,0.734409
802.192970,0.765660
802.833624,0.640654
803.489904,0.656280
804.146184,0.656280
804.818090,0.671906
805.489996,0.671906
806.208779,0.718783
818.381211,0.671906
819.068742,0.687531
819.725022,0.656280
820.428180,0.703157
821.240717,0.812537
822.022002,0.781286
822.850165,0.828163
823.553323,0.703157
824.272105,0.718783
825.069017,0.796911
825.850303,0.781286
826.631588,0.781286
827.365997,0.734409
828.162909,0.796911
828.850440,0.687531
829.459843,0.609403
830.100497,0.640654
830.709900,0.609403
831.475560,0.765660
832.147466,0.671906
832.897500,0.750034
833.694412,0.796911
834.350692,0.656280
834.975720,0.625029
835.663252,0.687531
836.350783,0.687531
837.053941,0.703157
837.772723,0.718783
838.475881,0.703157
839.069658,0.593777
839.679061,0.609403
840.335341,0.656280
840.991621,0.656280
841.679152,0.687531
842.413561,0.734409
843.038589,0.625029
843.679244,0.640654
844.288647,0.609403
844.898050,0.609403
845.523078,0.625029
846.179358,0.656280
846.945018,0.765660
847.601298,0.656280
848.210701,0.609403
848.851356,0.640654
849.445133,0.593777
850.117038,0.671906
850.742067,0.625029
851.476476,0.734409
852.085879,0.609403
852.726533,0.640654
853.257807,0.531274
853.929713,0.671906
854.539116,0.609403
855.148519,0.609403
855.851676,0.703157
856.367325,0.515649
857.007979,0.640654
857.742388,0.734409
861.055039,0.765660
861.680068,0.625029
862.336348,0.656280
862.945751,0.609403
863.617656,0.671906
864.305188,0.687531
864.914591,0.609403
865.602122,0.687531
866.352157,0.750034
866.899057,0.546900
867.524085,0.625029
868.086611,0.562526
868.711640,0.625029
869.305417,0.593777
869.977323,0.671906
886.571832,0.640654
887.337492,0.765660
888.212532,0.875040
891.087664,0.609403
891.837698,0.750034
892.509604,0.671906
895.791004,0.656280
896.384781,0.593777
896.978559,0.593777
897.634839,0.656280
898.291119,0.656280
898.931773,0.640654
899.494299,0.562526
900.134953,0.640654
900.884987,0.750034
901.447513,0.562526
902.041290,0.593777
902.744447,0.703157
903.431979,0.687531
904.057008,0.625029
904.635159,0.578151
905.244562,0.609403
908.885354,0.531274
918.823308,0.703157
921.620311,0.656280
924.245432,0.468771
927.292446,0.718783
930.026946,0.656280
936.324110,0.625029
936.855384,0.531274
937.449161,0.593777
938.089815,0.640654
938.589838,0.500023
939.121113,0.531274
939.714890,0.593777
940.386796,0.671906
941.027450,0.640654
941.699356,0.671906
944.621364,0.625029
945.246393,0.625029
945.808919,0.562526
946.371444,0.562526
947.027725,0.656280
947.668379,0.640654
948.215279,0.546900
948.793430,0.578151
949.277828,0.484397
949.762225,0.484397
950.402879,0.640654
950.981030,0.578151
958.825140,0.625029
959.387665,0.562526
960.028320,0.640654
960.653348,0.625029
961.247125,0.593777
961.934657,0.687531
962.544060,0.609403
963.169088,0.625029
963.747240,0.578151
964.372268,0.625029
964.997297,0.625029
965.575449,0.578151
966.153600,0.578151
966.684874,0.531274
967.309903,0.625029
967.934932,0.625029
968.622463,0.687531
969.200614,0.578151
969.747514,0.546900
970.325666,0.578151
970.919443,0.593777
971.560097,0.640654
972.153875,0.593777
972.888283,0.734409
973.607066,0.718783
974.247720,0.640654
974.794621,0.546900
975.388398,0.593777
975.982175,0.593777
976.607203,0.625029
977.216606,0.609403
977.857261,0.640654
978.466664,0.609403
978.982312,0.515649
979.607341,0.625029
980.294872,0.687531
980.935527,0.640654
981.544930,0.609403
982.107455,0.562526
982.716858,0.609403
983.310635,0.593777
983.951290,0.640654
984.607570,0.656280
985.154470,0.546900
985.763873,0.609403
986.357650,0.593777
986.982678,0.625029
987.638958,0.656280
996.092470,0.765660
996.811253,0.718783
997.483159,0.671906
998.108188,0.625029
998.701965,0.593777
999.358245,0.656280
1000.030151,0.671906
1000.733308,0.703157
1001.498968,0.765660
1002.327131,0.828163
1003.077165,0.750034
1003.749071,0.671906
1004.452228,0.703157
1005.124134,0.671906
1005.811665,0.687531
1006.546074,0.734409
1007.311734,0.765660
1007.952388,0.640654
1008.561791,0.609403
1009.139943,0.578151
1009.780597,0.640654
1010.483754,0.703157
1011.218163,0.734409
1011.936946,0.718783
1012.577600,0.640654
1013.171377,0.593777
1013.765154,0.593777
1014.405809,0.640654
1015.108966,0.703157
1015.765246,0.656280
1016.374649,0.609403
1017.015303,0.640654
1017.655957,0.640654
1018.327863,0.671906
1018.999769,0.671906
1019.687300,0.687531
1020.281078,0.593777
1020.906106,0.625029
1021.468632,0.562526
1022.156163,0.687531
1022.890572,0.734409
1023.656232,0.765660
1024.359389,0.703157
1025.062546,0.703157
1025.718827,0.656280
1026.515738,0.796911
1027.187644,0.671906
1027.828298,0.640654
1028.406450,0.578151
1029.015852,0.609403
1029.750261,0.734409
1030.390915,0.640654
1031.109698,0.718783
1031.781604,0.671906
1032.344130,0.562526
1032.937907,0.593777
1033.641064,0.703157
1034.375473,0.734409
1035.125507,0.750034
1035.797413,0.671906
1036.453693,0.656280
1037.094347,0.640654
1037.828756,0.734409
1038.453784,0.625029
1039.203819,0.750034
1039.891350,0.687531
1040.469502,0.578151
1041.157033,0.687531
1041.703933,0.546900
1042.453968,0.750034
1043.110248,0.656280
1043.813405,0.703157
1044.454059,0.640654
1045.032211,0.578151
1045.688491,0.656280
1046.313519,0.625029
1047.094805,0.781286
1047.844839,0.750034
1048.485494,0.640654
1049.110522,0.625029
1049.766802,0.656280
1050.391831,0.625029
1051.048111,0.656280
1051.704391,0.656280
1052.516928,0.812537
1053.282588,0.765660
1053.954494,0.671906
1054.626400,0.671906
1055.220177,0.593777
1055.876457,0.656280
1056.642117,0.765660
1057.376526,0.734409
1058.157811,0.781286
1058.923471,0.765660
1059.626629,0.703157
1060.376663,0.750034
1061.001692,0.625029
1061.626720,0.625029
1062.189246,0.562526
1062.861152,0.671906
1063.486180,0.625029
1064.236215,0.750034
1064.954998,0.718783
1065.533149,0.578151
1066.298809,0.765660
1066.876961,0.578151
1067.564492,0.687531
1068.205146,0.640654
1068.908303,0.703157
1069.658338,0.750034
1070.298992,0.640654
1070.955272,0.656280
1071.533424,0.578151
1072.142827,0.609403
1072.877235,0.734409
1073.517889,0.640654
1074.174170,0.656280
1074.721070,0.546900
1075.424227,0.703157
1076.033630,0.609403
1076.814915,0.781286
1077.580575,0.765660
1078.377487,0.796911
1079.080644,0.703157
1079.690047,0.609403
1080.361953,0.671906
1081.033859,0.671906
1081.846396,0.812537
1082.549553,0.703157
1083.299587,0.750034
1083.987119,0.687531
1084.612147,0.625029
1085.159047,0.546900
1085.768450,0.609403
1086.424730,0.656280
1087.143513,0.718783
1087.924799,0.781286
1088.721710,0.796911
1089.487370,0.765660
1090.237405,0.750034
1090.831182,0.593777
1091.471836,0.640654
1092.065614,0.593777
1092.659391,0.593777
1093.331296,0.671906
1093.971951,0.640654
1094.659482,0.687531
1095.347014,0.687531
1095.909539,0.562526
1096.581445,0.671906
1097.175222,0.593777
1097.831502,0.656280
1098.487782,0.656280
1099.253443,0.765660
1099.847220,0.593777
1100.425371,0.578151
1101.019148,0.593777
1101.675428,0.656280
1102.362960,0.687531
1103.034866,0.671906
1103.722397,0.687531
1104.488057,0.765660
1105.128711,0.640654
1105.941249,0.812537
1108.910135,0.718783
1123.004530,0.906291
1123.848318,0.843789
